4294967278,46
4294967278,45
4294967278,44
4294967278,43
4294967278,42
4294967278,41
4294967278,40
4294967278,39
4294967278,38
4294967278,37
4294967278,36
4294967279,192
8,6
4294967279,190
4294967278,99
4294967278,98
4294967278,97
4294967278,96
4294967278,95
4294967278,94
4294967278,93
4294967278,92
4294967278,91
4294967278,90
4294967278,283
4294967278,35
4294967278,34
4294967278,33
4294967278,32
4294967278,31
4294967278,30
4294967278,29
4294967278,28
4294967278,27
4294967278,26
4294967278,25
4294967278,24
4294967278,23
4294967278,22
4294967278,21
4294967278,20
4294967278,19
4294967278,18
4294967278,17
4294967278,16
4294967278,15
4294967278,14
4294967278,13
4294967278,12
4294967278,11
4294967278,10
4294967278,9
4294967278,8
4294967278,7
4294967278,6
4294967278,5
4294967278,4
4294967279,132
4294967279,131
4294967279,130
4294967279,129
4294967279,128
4294967279,127
4294967279,126
4294967279,125
4294967279,124
4294967279,123
4294967279,122
4294967279,121
4294967279,120
4294967279,119
4294967279,118
4294967279,117
4294967279,116
4294967279,115
4294967279,114
4294967279,113
4294967279,112
4294967279,111
4294967279,110
4294967279,109
4294967279,108
4294967279,107
4294967279,106
4294967279,105
4294967279,104
4294967279,103
4294967279,102
4294967279,101
4294967279,100
4294967279,99
4294967279,98
4294967279,97
4294967279,96
4294967279,95
4294967279,94
4294967279,93
4294967279,92
4294967279,91
4294967279,90
4294967279,331
4294967279,188
4294967279,303
4294967279,186
4294967279,330
4294967278,521
4294967279,184
4294967279,301
4294967278,520
4294967279,329
4294967279,300
4294967279,182
4294967279,181
4294967294,91
4294967294,93
11,4
4294967279,180
11,3
11,2
11,1
11,0
4294967279,328
4294967279,179
4294967279,327
4294967278,519
4294967279,297
4294967279,296
4294967278,518
4294967279,175
4294967294,111
4294967294,37
4294967294,36
4294967279,173
4294967279,295
8,7
4294967278,517
4294967279,172
8,0
10,6
10,5
4294967279,170
4294967294,94
4294967294,400
4294967294,112
4294967294,107
4294967294,106
4294967294,39
4294967294,191
4294967294,18
4294967294,20
4294967294,13
4294967294,962
4294967294,901
4294967294,441
4294967294,436
4294967294,166
4294967294,158
4294967294,157
4294967279,169
4294967279,326
4294967278,516
4294967279,168
4294967294,154
4294967279,165
4294967294,88
4294967294,86
4294967294,84
4294967294,83
4294967294,29
4294967294,52
4294967294,395
4294967294,386
4294967294,116
4294967294,110
4294967294,438
4294967294,429
4294967294,43
4294967278,515
4294967279,325
4294967279,324
4294967294,8
4294967279,164
4294967279,163
4294967279,323
4294967278,514
4294967279,161
4294967279,322
4294967279,159
4294967279,321
4294967278,513
4294967279,157
4294967278,512
4294967279,320
4294967279,155
4294967279,291
7,2
4294967279,153
4294967279,289
4294967279,151
4294967279,288
4294967279,149
7,6
10,4
4294967294,96
4294967294,74
4294967294,40
4294967294,42
4294967294,50
4294967294,51
4294967294,81
4294967278,132
4294967278,131
4294967278,130
4294967278,129
4294967278,128
4294967278,127
4294967278,126
4294967278,125
4294967278,124
4294967278,123
4294967278,122
4294967278,121
4294967278,120
4294967278,119
4294967278,118
4294967278,117
4294967278,116
4294967278,115
4294967278,114
4294967278,113
4294967278,112
4294967278,111
4294967278,110
4294967278,109
4294967278,108
4294967278,107
4294967278,106
4294967278,105
4294967278,104
4294967278,103
4294967278,102
4294967278,101
4294967278,100
4294967279,89
4294967279,87
4294967279,86
4294967279,85
4294967279,84
4294967279,83
4294967279,82
4294967279,81
4294967279,80
4294967279,79
4294967279,78
4294967279,77
4294967279,76
4294967279,75
4294967279,74
4294967279,73
4294967279,72
4294967279,71
4294967279,70
4294967279,69
4294967279,68
4294967279,67
4294967279,66
4294967279,65
4294967279,64
4294967279,63
4294967279,62
4294967279,61
4294967279,60
4294967279,59
4294967279,58
4294967279,57
4294967279,56
4294967279,55
4294967279,54
4294967279,53
4294967279,52
4294967279,51
4294967279,50
4294967279,49
4294967279,48
4294967279,47
4294967279,46
4294967279,45
4294967279,44
